         
Step Name: Plane_R   Feature Name: Plane_R
---------------------------------------------------------------------------------
Finder Name      |   #   |    X   |    Y   |    Z    |  I  |  J  |  K  |   Dev  |
---------------------------------------------------------------------------------
           Focus1       1  261.126  -38.534   -0.3649  0.00  0.00  1.00   0.0009
           Focus1       2  286.811  -39.180   -0.3666  0.00  0.00  1.00  -0.0001
           Focus1       3  307.312  -39.695   -0.3685  0.00  0.00  1.00  -0.0014
           Focus1       4  324.678  -40.132   -0.3673  0.00  0.00  1.00   0.0003
           Focus1       5  349.632  -40.760   -0.3630  0.00  0.00  1.00   0.0053
           Focus1       6  366.505  -62.830   -0.3640  0.00  0.00  1.00   0.0028
           Focus1       7  336.297  -64.126   -0.3635  0.00  0.00  1.00   0.0023
           Focus1       8  303.959  -64.940   -0.3689  0.00  0.00  1.00  -0.0042
           Focus1       9  274.218  -65.463   -0.3643  0.00  0.00  1.00  -0.0006
           Focus1      10  244.422  -66.830   -0.3640  0.00  0.00  1.00  -0.0013
           Focus1      11  227.167  -94.222   -0.3618  0.00  0.00  1.00  -0.0020
           Focus1      12  258.457  -95.011   -0.3631  0.00  0.00  1.00  -0.0025
           Focus1      13  298.592  -97.240   -0.3669  0.00  0.00  1.00  -0.0053
           Focus1      14  320.305  -99.338   -0.3630  0.00  0.00  1.00  -0.0009
           Focus1      15  358.657 -100.304   -0.3626  0.00  0.00  1.00   0.0006
           Focus1      16  388.423 -102.586   -0.3633  0.00  0.00  1.00   0.0006
           Focus1      17  388.565 -133.777   -0.3575  0.00  0.00  1.00   0.0036
           Focus1      18  355.037 -136.159   -0.3593  0.00  0.00  1.00   0.0006
           Focus1      19  320.920 -137.124   -0.3605  0.00  0.00  1.00  -0.0018
           Focus1      20  287.660 -133.361   -0.3607  0.00  0.00  1.00  -0.0027
           Focus1      21  253.236 -132.495   -0.3526  0.00  0.00  1.00   0.0045
           Focus1      22  222.199 -131.713   -0.3565  0.00  0.00  1.00  -0.0003
           Focus1      23  239.815 -162.462   -0.3485  0.00  0.00  1.00   0.0054
           Focus1      24  270.505 -166.047   -0.3539  0.00  0.00  1.00   0.0007
           Focus1      25  305.188 -173.244   -0.3586  0.00  0.00  1.00  -0.0036
           Focus1      26  342.061 -169.696   -0.3574  0.00  0.00  1.00  -0.0010
           Focus1      27  367.372 -170.334   -0.3598  0.00  0.00  1.00  -0.0026
           Focus1      28  350.297 -197.986   -0.3562  0.00  0.00  1.00  -0.0021
           Focus1      29  321.230 -198.982   -0.3566  0.00  0.00  1.00  -0.0034
           Focus1      30  286.224 -198.210   -0.3502  0.00  0.00  1.00   0.0019
           Focus1      31  257.728 -194.607   -0.3454  0.00  0.00  1.00   0.0062
=====================================================================

================================================================

Run Date: 03:20:24				
