Step Name: Plane_L   Feature Name: Plane_L              

---------------------------------------------------------------------------------
Finder Name      |   #   |    X   |    Y   |    Z    |  I  |  J  |  K  |   Dev  |
---------------------------------------------------------------------------------
           Focus1       1   53.174   17.126   -0.3894  0.00  0.00  1.00   0.0041
           Focus1       2   80.948   16.426   -0.3904  0.00  0.00  1.00   0.0029
           Focus1       3  109.363   15.710   -0.3901  0.00  0.00  1.00   0.0030
           Focus1       4  131.971   15.140   -0.3918  0.00  0.00  1.00   0.0012
           Focus1       5  158.881   -8.398   -0.3868  0.00  0.00  1.00   0.0004
           Focus1       6  127.614   -8.330   -0.3893  0.00  0.00  1.00  -0.0021
           Focus1       7   96.570   -7.546   -0.3861  0.00  0.00  1.00   0.0013
           Focus1       8   72.676   -6.944   -0.3835  0.00  0.00  1.00   0.0040
           Focus1       9   37.338   -7.306   -0.3862  0.00  0.00  1.00   0.0012
           Focus1      10   20.124  -37.303   -0.3879  0.00  0.00  1.00  -0.0078
           Focus1      11   50.142  -38.059   -0.3796  0.00  0.00  1.00   0.0003
           Focus1      12   93.155  -40.111   -0.3809  0.00  0.00  1.00  -0.0016
           Focus1      13  145.374  -41.428   -0.3815  0.00  0.00  1.00  -0.0024
           Focus1      14  179.017  -44.175   -0.3799  0.00  0.00  1.00  -0.0015
           Focus1      15  183.307  -74.759   -0.3728  0.00  0.00  1.00  -0.0020
           Focus1      16  166.943  -96.334   -0.3687  0.00  0.00  1.00  -0.0032
           Focus1      17  149.728  -76.367   -0.3732  0.00  0.00  1.00  -0.0028
           Focus1      18  112.561  -78.086   -0.3708  0.00  0.00  1.00  -0.0008
           Focus1      19   80.772  -77.284   -0.3727  0.00  0.00  1.00  -0.0025
           Focus1      20   45.574  -76.397   -0.3702  0.00  0.00  1.00   0.0002
           Focus1      21   14.845  -78.664   -0.3796  0.00  0.00  1.00  -0.0097
           Focus1      22   33.075 -111.005   -0.3626  0.00  0.00  1.00  -0.0007
           Focus1      23   63.338 -111.768   -0.3578  0.00  0.00  1.00   0.0039
           Focus1      24   96.206 -112.596   -0.3595  0.00  0.00  1.00   0.0020
           Focus1      25  136.041 -113.600   -0.3603  0.00  0.00  1.00   0.0009
           Focus1      26  144.679 -135.732   -0.3560  0.00  0.00  1.00  -0.0002
           Focus1      27  116.785 -140.978   -0.3514  0.00  0.00  1.00   0.0031
           Focus1      28   78.244 -141.970   -0.3493  0.00  0.00  1.00   0.0050
           Focus1      29   48.783 -141.121   -0.3509  0.00  0.00  1.00   0.0036
