            
Step Name: Plane_R   Feature Name: Plane_R
---------------------------------------------------------------------------------
Finder Name      |   #   |    X   |    Y   |    Z    |  I  |  J  |  K  |   Dev  |
---------------------------------------------------------------------------------
           Focus1       1  262.170  -93.492    0.0756  0.00  0.00  1.00   0.0012
           Focus1       2  290.946  -93.520    0.0706  0.00  0.00  1.00   0.0027
           Focus1       3  313.216  -93.507    0.0634  0.00  0.00  1.00   0.0005
           Focus1       4  346.227  -93.488    0.0483  0.00  0.00  1.00  -0.0073
           Focus1       5  367.122 -135.259    0.0562  0.00  0.00  1.00  -0.0050
           Focus1       6  373.476 -159.393    0.0583  0.00  0.00  1.00  -0.0073
           Focus1       7  347.480 -203.467    0.0812  0.00  0.00  1.00  -0.0011
           Focus1       8  335.159 -218.005    0.0910  0.00  0.00  1.00   0.0024
           Focus1       9  316.219 -217.682    0.0966  0.00  0.00  1.00   0.0038
           Focus1      10  273.469 -222.728    0.1031  0.00  0.00  1.00  -0.0005
           Focus1      11  248.896 -200.119    0.0979  0.00  0.00  1.00  -0.0056
           Focus1      12  232.112 -158.015    0.0874  0.00  0.00  1.00  -0.0096
           Focus1      13  248.225 -122.392    0.0853  0.00  0.00  1.00   0.0007
           Focus1      14  282.889 -193.856    0.0980  0.00  0.00  1.00   0.0036
           Focus1      15  323.910 -187.866    0.0915  0.00  0.00  1.00   0.0078
           Focus1      16  354.414 -183.200    0.0765  0.00  0.00  1.00   0.0007
           Focus1      17  340.064 -162.930    0.0751  0.00  0.00  1.00   0.0011
           Focus1      18  303.204 -162.952    0.0852  0.00  0.00  1.00   0.0030
           Focus1      19  271.500 -164.263    0.0912  0.00  0.00  1.00   0.0016
           Focus1      20  258.115 -147.605    0.0877  0.00  0.00  1.00  -0.0009
           Focus1      21  287.866 -132.099    0.0802  0.00  0.00  1.00   0.0021
           Focus1      22  317.086 -132.284    0.0731  0.00  0.00  1.00   0.0015
           Focus1      23  341.888 -134.137    0.0665  0.00  0.00  1.00   0.0000
           Focus1      24  336.355 -108.325    0.0592  0.00  0.00  1.00  -0.0022
           Focus1      25  304.089 -109.293    0.0729  0.00  0.00  1.00   0.0040
           Focus1      26  283.046 -109.306    0.0770  0.00  0.00  1.00   0.0034
           Focus1      27  265.961 -120.353    0.0866  0.00  0.00  1.00   0.0065
           Focus1      28  246.788 -169.470    0.0921  0.00  0.00  1.00  -0.0044
           Focus1      29  264.714 -202.982    0.0957  0.00  0.00  1.00  -0.0051
           Focus1      30  299.319 -202.961    0.0957  0.00  0.00  1.00   0.0028
           Focus1      31  356.020 -152.143    0.0674  0.00  0.00  1.00  -0.0003
=====================================================================

================================================================

Run Date: 06:19:24				
