             
Step Name: Plane_L   Feature Name: Plane_L        
---------------------------------------------------------------------------------
Finder Name      |   #   |    X   |    Y   |    Z    |  I  |  J  |  K  |   Dev  |
---------------------------------------------------------------------------------
           Focus1       1  131.306  -43.106    0.0877  0.00  0.00  1.00  -0.0059
           Focus1       2   94.675  -43.125    0.0902  0.00  0.00  1.00   0.0016
           Focus1       3   63.161  -43.143    0.0841  0.00  0.00  1.00  -0.0003
           Focus1       4   32.588  -45.530    0.0776  0.00  0.00  1.00  -0.0023
           Focus1       5   32.604  -71.662    0.0788  0.00  0.00  1.00   0.0018
           Focus1       6  123.122  -69.279    0.0908  0.00  0.00  1.00   0.0013
           Focus1       7   17.270 -134.226    0.0584  0.00  0.00  1.00  -0.0093
           Focus1       8   27.981 -153.859    0.0600  0.00  0.00  1.00  -0.0069
           Focus1       9   43.232 -179.648    0.0593  0.00  0.00  1.00  -0.0066
           Focus1      10   78.760 -179.797    0.0701  0.00  0.00  1.00  -0.0007
           Focus1      11  115.247 -180.057    0.0757  0.00  0.00  1.00   0.0000
           Focus1      12  136.788 -178.792    0.0788  0.00  0.00  1.00   0.0000
           Focus1      13  150.531 -155.106    0.0861  0.00  0.00  1.00   0.0028
           Focus1      14  163.708 -130.627    0.0847  0.00  0.00  1.00  -0.0033
           Focus1      15  166.661  -99.361    0.0831  0.00  0.00  1.00  -0.0089
           Focus1      16  156.568  -81.299    0.0876  0.00  0.00  1.00  -0.0051
           Focus1      17  145.997  -62.282    0.0863  0.00  0.00  1.00  -0.0071
           Focus1      18   76.897  -89.087    0.0844  0.00  0.00  1.00   0.0034
           Focus1      19   13.778  -94.888    0.0679  0.00  0.00  1.00  -0.0038
           Focus1      20   41.421 -116.177    0.0755  0.00  0.00  1.00   0.0025
           Focus1      21  103.081 -115.770    0.0879  0.00  0.00  1.00   0.0064
           Focus1      22  131.663 -107.446    0.0905  0.00  0.00  1.00   0.0043
           Focus1      23  123.595 -141.448    0.0845  0.00  0.00  1.00   0.0032
           Focus1      24   87.348 -141.467    0.0815  0.00  0.00  1.00   0.0052
           Focus1      25   61.349 -141.482    0.0735  0.00  0.00  1.00   0.0007
           Focus1      26   61.409 -159.416    0.0707  0.00  0.00  1.00  -0.0001
           Focus1      27   93.564 -163.066    0.0778  0.00  0.00  1.00   0.0031
           Focus1      28  123.923 -163.050    0.0807  0.00  0.00  1.00   0.0019
           Focus1      29   74.578 -115.167    0.0827  0.00  0.00  1.00   0.0051
           Focus1      30  113.035  -89.627    0.0888  0.00  0.00  1.00   0.0030
           Focus1      31   88.912  -67.080    0.0902  0.00  0.00  1.00   0.0051
           Focus1      32   61.064  -67.096    0.0850  0.00  0.00  1.00   0.0037
           Focus1      33   50.623  -91.952    0.0820  0.00  0.00  1.00   0.0050
=====================================================================
			
