               
Step Name: Plane_R   Feature Name: Plane_R
---------------------------------------------------------------------------------
Finder Name      |   #   |    X   |    Y   |    Z    |  I  |  J  |  K  |   Dev  |
---------------------------------------------------------------------------------
           Focus1       1  262.170  -93.492   -0.0110  0.00  0.00  1.00  -0.0023
           Focus1       2  290.946  -93.521   -0.0044  0.00  0.00  1.00  -0.0030
           Focus1       3  313.216  -93.507    0.0012  0.00  0.00  1.00  -0.0028
           Focus1       4  346.227  -93.488    0.0091  0.00  0.00  1.00  -0.0032
           Focus1       5  367.122 -135.259    0.0254  0.00  0.00  1.00   0.0011
           Focus1       6  373.476 -159.393    0.0349  0.00  0.00  1.00   0.0051
           Focus1       7  347.480 -203.467    0.0302  0.00  0.00  1.00  -0.0003
           Focus1       8  335.160 -218.005    0.0325  0.00  0.00  1.00   0.0027
           Focus1       9  316.219 -217.681    0.0244  0.00  0.00  1.00  -0.0006
           Focus1      10  273.469 -222.727    0.0138  0.00  0.00  1.00  -0.0014
           Focus1      11  248.896 -200.119    0.0000  0.00  0.00  1.00  -0.0054
           Focus1      12  232.112 -158.015   -0.0071  0.00  0.00  1.00  -0.0015
           Focus1      13  248.225 -122.392    0.0027  0.00  0.00  1.00   0.0101
           Focus1      14  282.889 -193.856    0.0125  0.00  0.00  1.00  -0.0004
           Focus1      15  323.909 -187.866    0.0234  0.00  0.00  1.00   0.0013
           Focus1      16  354.414 -183.201    0.0298  0.00  0.00  1.00   0.0008
           Focus1      17  340.064 -162.930    0.0185  0.00  0.00  1.00  -0.0035
           Focus1      18  303.203 -162.952    0.0107  0.00  0.00  1.00  -0.0022
           Focus1      19  271.499 -164.263    0.0067  0.00  0.00  1.00   0.0015
           Focus1      20  258.116 -147.605    0.0000  0.00  0.00  1.00   0.0008
           Focus1      21  287.866 -132.099    0.0053  0.00  0.00  1.00   0.0012
           Focus1      22  317.086 -132.284    0.0132  0.00  0.00  1.00   0.0019
           Focus1      23  341.888 -134.137    0.0145  0.00  0.00  1.00  -0.0033
           Focus1      24  336.355 -108.325    0.0177  0.00  0.00  1.00   0.0055
           Focus1      25  304.090 -109.293    0.0022  0.00  0.00  1.00  -0.0022
           Focus1      26  283.045 -109.306   -0.0031  0.00  0.00  1.00  -0.0023
           Focus1      27  265.961 -120.353   -0.0050  0.00  0.00  1.00  -0.0017
           Focus1      28  246.788 -169.470    0.0089  0.00  0.00  1.00   0.0090
           Focus1      29  264.714 -202.982    0.0084  0.00  0.00  1.00  -0.0014
           Focus1      30  299.319 -202.961    0.0139  0.00  0.00  1.00  -0.0045
           Focus1      31  356.020 -152.143    0.0252  0.00  0.00  1.00   0.0010
=====================================================================

================================================================

Run Date: 06:18:24				
