Step Name: Plane_L   Feature Name: Plane_L   
     
---------------------------------------------------------------------------------
Finder Name      |   #   |    X   |    Y   |    Z    |  I  |  J  |  K  |   Dev  |
---------------------------------------------------------------------------------
           Focus1       1  131.306  -43.106   -0.0196  0.00  0.00  1.00  -0.0017
           Focus1       2   94.675  -43.125   -0.0110  0.00  0.00  1.00   0.0049
           Focus1       3   63.161  -43.143   -0.0119  0.00  0.00  1.00   0.0023
           Focus1       4   32.589  -45.529   -0.0082  0.00  0.00  1.00   0.0042
           Focus1       5   32.603  -71.662   -0.0145  0.00  0.00  1.00  -0.0030
           Focus1       6  123.122  -69.279   -0.0197  0.00  0.00  1.00  -0.0032
           Focus1       7   17.270 -134.226   -0.0142  0.00  0.00  1.00  -0.0058
           Focus1       8   27.981 -153.859   -0.0127  0.00  0.00  1.00  -0.0044
           Focus1       9   43.232 -179.649   -0.0051  0.00  0.00  1.00   0.0031
           Focus1      10   78.760 -179.796   -0.0104  0.00  0.00  1.00  -0.0002
           Focus1      11  115.247 -180.057   -0.0116  0.00  0.00  1.00   0.0005
           Focus1      12  136.788 -178.792   -0.0093  0.00  0.00  1.00   0.0040
           Focus1      13  150.532 -155.106   -0.0100  0.00  0.00  1.00   0.0050
           Focus1      14  163.707 -130.627   -0.0151  0.00  0.00  1.00   0.0015
           Focus1      15  166.661  -99.361   -0.0192  0.00  0.00  1.00  -0.0013
           Focus1      16  156.568  -81.299   -0.0172  0.00  0.00  1.00   0.0008
           Focus1      17  145.997  -62.282   -0.0247  0.00  0.00  1.00  -0.0067
           Focus1      18   76.897  -89.087   -0.0121  0.00  0.00  1.00   0.0012
           Focus1      19   13.778  -94.887   -0.0019  0.00  0.00  1.00   0.0077
           Focus1      20   41.421 -116.177   -0.0091  0.00  0.00  1.00   0.0013
           Focus1      21  103.081 -115.770   -0.0159  0.00  0.00  1.00  -0.0021
           Focus1      22  131.664 -107.446   -0.0095  0.00  0.00  1.00   0.0062
           Focus1      23  123.596 -141.447   -0.0091  0.00  0.00  1.00   0.0048
           Focus1      24   87.348 -141.467   -0.0120  0.00  0.00  1.00   0.0000
           Focus1      25   61.349 -141.482   -0.0095  0.00  0.00  1.00   0.0011
           Focus1      26   61.409 -159.416   -0.0106  0.00  0.00  1.00  -0.0007
           Focus1      27   93.564 -163.066   -0.0167  0.00  0.00  1.00  -0.0052
           Focus1      28  123.923 -163.050   -0.0169  0.00  0.00  1.00  -0.0037
           Focus1      29   74.578 -115.167   -0.0169  0.00  0.00  1.00  -0.0047
           Focus1      30  113.035  -89.627   -0.0191  0.00  0.00  1.00  -0.0038
           Focus1      31   88.912  -67.080   -0.0175  0.00  0.00  1.00  -0.0027
           Focus1      32   61.064  -67.096   -0.0125  0.00  0.00  1.00   0.0007
           Focus1      33   50.623  -91.953   -0.0116  0.00  0.00  1.00   0.0001
=====================================================================
