Step Name: Plane_R   Feature Name: Plane_R        

---------------------------------------------------------------------------------
Finder Name      |   #   |    X   |    Y   |    Z    |  I  |  J  |  K  |   Dev  |
---------------------------------------------------------------------------------
           Focus1       1  262.170  -93.492   -0.0464  0.00  0.00  1.00   0.0032
           Focus1       2  290.946  -93.520   -0.0416  0.00  0.00  1.00   0.0004
           Focus1       3  313.216  -93.507   -0.0357  0.00  0.00  1.00   0.0004
           Focus1       4  346.227  -93.487   -0.0265  0.00  0.00  1.00   0.0009
           Focus1       5  367.122 -135.259   -0.0073  0.00  0.00  1.00  -0.0002
           Focus1       6  373.476 -159.393    0.0005  0.00  0.00  1.00  -0.0024
           Focus1       7  347.480 -203.467    0.0103  0.00  0.00  1.00  -0.0013
           Focus1       8  335.160 -218.004    0.0170  0.00  0.00  1.00   0.0035
           Focus1       9  316.219 -217.681    0.0116  0.00  0.00  1.00   0.0033
           Focus1      10  273.469 -222.728   -0.0010  0.00  0.00  1.00   0.0002
           Focus1      11  248.896 -200.119   -0.0196  0.00  0.00  1.00  -0.0039
           Focus1      12  232.112 -158.015   -0.0342  0.00  0.00  1.00   0.0006
           Focus1      13  248.225 -122.392   -0.0444  0.00  0.00  1.00  -0.0013
           Focus1      14  282.889 -193.856   -0.0085  0.00  0.00  1.00   0.0004
           Focus1      15  323.909 -187.866   -0.0011  0.00  0.00  1.00  -0.0009
           Focus1      16  354.414 -183.201    0.0086  0.00  0.00  1.00   0.0023
           Focus1      17  340.064 -162.930   -0.0097  0.00  0.00  1.00  -0.0051
           Focus1      18  303.204 -162.952   -0.0185  0.00  0.00  1.00  -0.0042
           Focus1      19  271.500 -164.263   -0.0221  0.00  0.00  1.00   0.0001
           Focus1      20  258.115 -147.605   -0.0365  0.00  0.00  1.00  -0.0049
           Focus1      21  287.866 -132.099   -0.0252  0.00  0.00  1.00   0.0040
           Focus1      22  317.087 -132.284   -0.0165  0.00  0.00  1.00   0.0050
           Focus1      23  341.888 -134.138   -0.0193  0.00  0.00  1.00  -0.0051
           Focus1      24  336.355 -108.325   -0.0253  0.00  0.00  1.00  -0.0005
           Focus1      25  304.090 -109.293   -0.0344  0.00  0.00  1.00  -0.0014
           Focus1      26  283.045 -109.306   -0.0381  0.00  0.00  1.00   0.0004
           Focus1      27  265.961 -120.353   -0.0404  0.00  0.00  1.00  -0.0013
           Focus1      28  246.788 -169.470   -0.0231  0.00  0.00  1.00   0.0038
           Focus1      29  264.714 -202.982   -0.0092  0.00  0.00  1.00   0.0012
           Focus1      30  299.319 -202.960   -0.0030  0.00  0.00  1.00  -0.0017
           Focus1      31  356.021 -152.143    0.0003  0.00  0.00  1.00   0.0045
=====================================================================

================================================================

Run Date: 06:18:24				
