           
Step Name: Plane_L   Feature Name: Plane_L     
---------------------------------------------------------------------------------
Finder Name      |   #   |    X   |    Y   |    Z    |  I  |  J  |  K  |   Dev  |
---------------------------------------------------------------------------------
           Focus1       1  131.306  -43.106   -0.0664  0.00  0.00  1.00  -0.0014
           Focus1       2   94.675  -43.125   -0.0653  0.00  0.00  1.00   0.0000
           Focus1       3   63.161  -43.143   -0.0654  0.00  0.00  1.00   0.0003
           Focus1       4   32.588  -45.530   -0.0611  0.00  0.00  1.00   0.0046
           Focus1       5   32.604  -71.662   -0.0606  0.00  0.00  1.00   0.0010
           Focus1       6  123.122  -69.278   -0.0620  0.00  0.00  1.00  -0.0009
           Focus1       7   17.270 -134.226   -0.0554  0.00  0.00  1.00  -0.0033
           Focus1       8   27.981 -153.859   -0.0501  0.00  0.00  1.00  -0.0011
           Focus1       9   43.232 -179.648   -0.0432  0.00  0.00  1.00   0.0017
           Focus1      10   78.760 -179.796   -0.0425  0.00  0.00  1.00   0.0020
           Focus1      11  115.247 -180.057   -0.0363  0.00  0.00  1.00   0.0078
           Focus1      12  136.788 -178.792   -0.0405  0.00  0.00  1.00   0.0036
           Focus1      13  150.531 -155.106   -0.0446  0.00  0.00  1.00   0.0030
           Focus1      14  163.707 -130.627   -0.0515  0.00  0.00  1.00  -0.0003
           Focus1      15  166.661  -99.361   -0.0545  0.00  0.00  1.00   0.0014
           Focus1      16  156.568  -81.299   -0.0576  0.00  0.00  1.00   0.0012
           Focus1      17  145.997  -62.282   -0.0654  0.00  0.00  1.00  -0.0035
           Focus1      18   76.897  -89.087   -0.0581  0.00  0.00  1.00   0.0004
           Focus1      19   13.778  -94.888   -0.0540  0.00  0.00  1.00   0.0042
           Focus1      20   41.421 -116.177   -0.0591  0.00  0.00  1.00  -0.0044
           Focus1      21  103.080 -115.770   -0.0575  0.00  0.00  1.00  -0.0034
           Focus1      22  131.664 -107.446   -0.0562  0.00  0.00  1.00  -0.0012
           Focus1      23  123.596 -141.447   -0.0552  0.00  0.00  1.00  -0.0053
           Focus1      24   87.348 -141.467   -0.0517  0.00  0.00  1.00  -0.0014
           Focus1      25   61.349 -141.482   -0.0489  0.00  0.00  1.00   0.0017
           Focus1      26   61.409 -159.416   -0.0527  0.00  0.00  1.00  -0.0049
           Focus1      27   93.564 -163.066   -0.0489  0.00  0.00  1.00  -0.0020
           Focus1      28  123.923 -163.049   -0.0491  0.00  0.00  1.00  -0.0025
           Focus1      29   74.578 -115.166   -0.0570  0.00  0.00  1.00  -0.0025
           Focus1      30  113.035  -89.627   -0.0559  0.00  0.00  1.00   0.0021
           Focus1      31   88.912  -67.080   -0.0596  0.00  0.00  1.00   0.0021
           Focus1      32   61.064  -67.096   -0.0607  0.00  0.00  1.00   0.0013
           Focus1      33   50.623  -91.953   -0.0592  0.00  0.00  1.00  -0.0009
