

Step Name: Plane_R   Feature Name: Plane_R
-----------------------------------------------------------------------------
 ATT |   Name   |   NOMINAL |   ACTUAL | U-TOL | L-TOL |  Dev | %   |  OOT  |
-----------------------------------------------------------------------------
    X Plane_R.X    302.9660   303.0399  0.0000  0.0000   0.07                 
    Y Plane_R.Y   -154.4223  -154.4223  0.0000  0.0000   0.00                 
    Z Plane_R.Z     -0.0720     0.0008  0.0000  0.0000  -0.07                 
Point Plane_R.Points      0.0000    31.0000  0.0000  0.0000  31.00                 

---------------------------------------------------------------------------------
Finder Name      |   #   |    X   |    Y   |    Z    |  I  |  J  |  K  |   Dev  |
---------------------------------------------------------------------------------
           Focus1       1  262.170  -93.492    0.0055  0.00  0.00  1.00  -0.0003
           Focus1       2  290.946  -93.521    0.0089  0.00  0.00  1.00  -0.0004
           Focus1       3  313.216  -93.507    0.0101  0.00  0.00  1.00  -0.0018
           Focus1       4  346.227  -93.488    0.0111  0.00  0.00  1.00  -0.0047
           Focus1       5  367.122 -135.259    0.0097  0.00  0.00  1.00  -0.0017
           Focus1       6  373.476 -159.393    0.0070  0.00  0.00  1.00  -0.0013
           Focus1       7  347.480 -203.467   -0.0055  0.00  0.00  1.00  -0.0036
           Focus1       8  335.160 -218.005   -0.0038  0.00  0.00  1.00   0.0019
           Focus1       9  316.219 -217.682   -0.0036  0.00  0.00  1.00   0.0042
           Focus1      10  273.469 -222.728   -0.0153  0.00  0.00  1.00  -0.0016
           Focus1      11  248.896 -200.119   -0.0151  0.00  0.00  1.00  -0.0022
           Focus1      12  234.403 -158.013   -0.0114  0.00  0.00  1.00  -0.0036
           Focus1      13  248.226 -122.392    0.0021  0.00  0.00  1.00   0.0025
           Focus1      14  282.889 -193.856   -0.0117  0.00  0.00  1.00  -0.0037
           Focus1      15  323.909 -187.866    0.0012  0.00  0.00  1.00   0.0034
           Focus1      16  354.414 -183.201    0.0018  0.00  0.00  1.00  -0.0004
           Focus1      17  340.064 -162.930    0.0004  0.00  0.00  1.00  -0.0034
           Focus1      18  303.204 -162.952   -0.0015  0.00  0.00  1.00  -0.0010
           Focus1      19  271.499 -164.263   -0.0038  0.00  0.00  1.00   0.0007
           Focus1      20  258.115 -147.605   -0.0062  0.00  0.00  1.00  -0.0028
           Focus1      21  287.866 -132.099    0.0089  0.00  0.00  1.00   0.0063
           Focus1      22  317.087 -132.284    0.0113  0.00  0.00  1.00   0.0053
           Focus1      23  341.888 -134.138    0.0077  0.00  0.00  1.00  -0.0010
           Focus1      24  336.355 -108.325    0.0119  0.00  0.00  1.00  -0.0003
           Focus1      25  304.089 -109.293    0.0095  0.00  0.00  1.00   0.0013
           Focus1      26  283.045 -109.306    0.0077  0.00  0.00  1.00   0.0019
           Focus1      27  265.961 -120.353    0.0026  0.00  0.00  1.00   0.0007
           Focus1      28  246.788 -169.470   -0.0091  0.00  0.00  1.00  -0.0008
           Focus1      29  264.715 -202.982   -0.0098  0.00  0.00  1.00   0.0017
           Focus1      30  299.319 -202.961   -0.0072  0.00  0.00  1.00   0.0003
           Focus1      31  356.020 -152.143    0.0118  0.00  0.00  1.00   0.0044
=====================================================================

================================================================

Run Date: 04:14:25				
