Step Name: Plane_L   Feature Name: Plane_L
-----------------------------------------------------------------------------
 ATT |   Name   |   NOMINAL |   ACTUAL | U-TOL | L-TOL |  Dev | %   |  OOT  |
-----------------------------------------------------------------------------
    X Plane_L.X     90.4981    90.4982  0.0000  0.0000   0.00                 
    Y Plane_L.Y   -112.5793  -112.5792  0.0000  0.0000   0.00                 
    Z Plane_L.Z     -0.0849    -0.0100  0.0000  0.0000  -0.07                 
Point Plane_L.Points      0.0000    33.0000  0.0000  0.0000  33.00                 

---------------------------------------------------------------------------------
Finder Name      |   #   |    X   |    Y   |    Z    |  I  |  J  |  K  |   Dev  |
---------------------------------------------------------------------------------
           Focus1       1  131.306  -43.106    0.0019  0.00  0.00  1.00   0.0012
           Focus1       2   94.675  -43.125   -0.0019  0.00  0.00  1.00  -0.0048
           Focus1       3   63.161  -43.143    0.0059  0.00  0.00  1.00   0.0011
           Focus1       4   32.588  -45.530    0.0091  0.00  0.00  1.00   0.0029
           Focus1       5   32.604  -71.662    0.0059  0.00  0.00  1.00   0.0046
           Focus1       6  123.122  -69.278   -0.0026  0.00  0.00  1.00   0.0012
           Focus1       7   17.270 -134.226   -0.0137  0.00  0.00  1.00  -0.0041
           Focus1       8   27.981 -153.859   -0.0173  0.00  0.00  1.00  -0.0032
           Focus1       9   43.232 -179.649   -0.0131  0.00  0.00  1.00   0.0067
           Focus1      10   78.760 -179.796   -0.0238  0.00  0.00  1.00  -0.0018
           Focus1      11  115.247 -180.057   -0.0257  0.00  0.00  1.00  -0.0014
           Focus1      12  136.788 -178.792   -0.0193  0.00  0.00  1.00   0.0061
           Focus1      13  150.532 -155.106   -0.0239  0.00  0.00  1.00  -0.0021
           Focus1      14  163.707 -130.627   -0.0154  0.00  0.00  1.00   0.0025
           Focus1      15  166.661  -99.361   -0.0086  0.00  0.00  1.00   0.0035
           Focus1      16  156.568  -81.299   -0.0057  0.00  0.00  1.00   0.0024
           Focus1      17  145.997  -62.282   -0.0067  0.00  0.00  1.00  -0.0028
           Focus1      18   76.896  -89.087   -0.0044  0.00  0.00  1.00   0.0004
           Focus1      19   13.778  -94.888    0.0036  0.00  0.00  1.00   0.0056
           Focus1      20   41.421 -116.177   -0.0075  0.00  0.00  1.00   0.0002
           Focus1      21  103.080 -115.770   -0.0153  0.00  0.00  1.00  -0.0039
           Focus1      22  131.664 -107.446   -0.0105  0.00  0.00  1.00   0.0011
           Focus1      23  123.596 -141.447   -0.0145  0.00  0.00  1.00   0.0030
           Focus1      24   87.348 -141.467   -0.0149  0.00  0.00  1.00   0.0004
           Focus1      25   61.349 -141.482   -0.0084  0.00  0.00  1.00   0.0053
           Focus1      26   61.409 -159.416   -0.0209  0.00  0.00  1.00  -0.0038
           Focus1      27   93.564 -163.066   -0.0241  0.00  0.00  1.00  -0.0043
           Focus1      28  123.923 -163.050   -0.0239  0.00  0.00  1.00  -0.0023
           Focus1      29   74.578 -115.167   -0.0140  0.00  0.00  1.00  -0.0045
           Focus1      30  113.035  -89.627   -0.0102  0.00  0.00  1.00  -0.0032
           Focus1      31   88.912  -67.080   -0.0052  0.00  0.00  1.00  -0.0039
           Focus1      32   61.064  -67.096    0.0012  0.00  0.00  1.00   0.0009
           Focus1      33   50.623  -91.953   -0.0065  0.00  0.00  1.00  -0.0029
