Step Name: Plane_L   Feature Name: Plane_L
-----------------------------------------------------------------------------
 ATT |   Name   |   NOMINAL |   ACTUAL | U-TOL | L-TOL |  Dev | %   |  OOT  |
-----------------------------------------------------------------------------
    X Plane_L.X     90.4981    90.4982  0.0000  0.0000   0.00                 
    Y Plane_L.Y   -112.5793  -112.5793  0.0000  0.0000   0.00                 
    Z Plane_L.Z     -0.0849     0.0682  0.0000  0.0000  -0.15                 
Point Plane_L.Points      0.0000    33.0000  0.0000  0.0000  33.00                 

---------------------------------------------------------------------------------
Finder Name      |   #   |    X   |    Y   |    Z    |  I  |  J  |  K  |   Dev  |
---------------------------------------------------------------------------------
           Focus1       1  131.306  -43.106    0.0946  0.00  0.00  1.00  -0.0018
           Focus1       2   94.675  -43.126    0.0946  0.00  0.00  1.00   0.0067
           Focus1       3   63.162  -43.143    0.0862  0.00  0.00  1.00   0.0055
           Focus1       4   32.589  -45.529    0.0698  0.00  0.00  1.00  -0.0032
           Focus1       5   32.604  -71.662    0.0651  0.00  0.00  1.00  -0.0008
           Focus1       6  123.122  -69.278    0.0879  0.00  0.00  1.00   0.0004
           Focus1       7   17.270 -134.226    0.0355  0.00  0.00  1.00  -0.0098
           Focus1       8   27.981 -153.859    0.0345  0.00  0.00  1.00  -0.0080
           Focus1       9   43.232 -179.648    0.0354  0.00  0.00  1.00  -0.0036
           Focus1      10   78.760 -179.797    0.0514  0.00  0.00  1.00   0.0042
           Focus1      11  115.247 -180.057    0.0619  0.00  0.00  1.00   0.0063
           Focus1      12  136.788 -178.793    0.0631  0.00  0.00  1.00   0.0022
           Focus1      13  150.532 -155.106    0.0682  0.00  0.00  1.00  -0.0023
           Focus1      14  163.707 -130.627    0.0710  0.00  0.00  1.00  -0.0092
           Focus1      15  166.661  -99.361    0.0807  0.00  0.00  1.00  -0.0087
           Focus1      16  156.568  -81.299    0.0838  0.00  0.00  1.00  -0.0081
           Focus1      17  145.997  -62.282    0.0887  0.00  0.00  1.00  -0.0060
           Focus1      18   76.897  -89.087    0.0768  0.00  0.00  1.00   0.0054
           Focus1      19   13.778  -94.888    0.0478  0.00  0.00  1.00  -0.0074
           Focus1      20   41.421 -116.177    0.0540  0.00  0.00  1.00  -0.0018
           Focus1      21  103.081 -115.770    0.0757  0.00  0.00  1.00   0.0055
           Focus1      22  131.664 -107.446    0.0801  0.00  0.00  1.00   0.0010
           Focus1      23  123.596 -141.448    0.0666  0.00  0.00  1.00  -0.0014
           Focus1      24   87.348 -141.467    0.0632  0.00  0.00  1.00   0.0037
           Focus1      25   61.348 -141.482    0.0545  0.00  0.00  1.00   0.0010
           Focus1      26   61.409 -159.416    0.0496  0.00  0.00  1.00   0.0009
           Focus1      27   93.564 -163.066    0.0601  0.00  0.00  1.00   0.0049
           Focus1      28  123.923 -163.049    0.0660  0.00  0.00  1.00   0.0038
           Focus1      29   74.578 -115.167    0.0676  0.00  0.00  1.00   0.0039
           Focus1      30  113.035  -89.627    0.0874  0.00  0.00  1.00   0.0078
           Focus1      31   88.912  -67.080    0.0843  0.00  0.00  1.00   0.0042
           Focus1      32   61.064  -67.096    0.0778  0.00  0.00  1.00   0.0041
           Focus1      33   50.623  -91.953    0.0651  0.00  0.00  1.00   0.0006
