
Step Name: Plane_R   Feature Name: Plane_R
-----------------------------------------------------------------------------
 ATT |   Name   |   NOMINAL |   ACTUAL | U-TOL | L-TOL |  Dev | %   |  OOT  |
-----------------------------------------------------------------------------
    X Plane_R.X    302.9660   302.9660  0.0000  0.0000   0.00                 
    Y Plane_R.Y   -154.4223  -154.4224  0.0000  0.0000   0.00                 
    Z Plane_R.Z     -0.0720    -0.0509  0.0000  0.0000  -0.02                 
Point Plane_R.Points      0.0000    31.0000  0.0000  0.0000  31.00                 

---------------------------------------------------------------------------------
Finder Name      |   #   |    X   |    Y   |    Z    |  I  |  J  |  K  |   Dev  |
---------------------------------------------------------------------------------
           Focus1       1  262.170  -93.492    0.0615  0.00  0.00  1.00   0.2581
           Focus1       2  290.946  -93.520    0.0479  0.00  0.00  1.00   0.1321
           Focus1       3  313.216  -93.507    0.0411  0.00  0.00  1.00   0.0381
           Focus1       4  346.228  -93.487    0.0285  0.00  0.00  1.00  -0.1035
           Focus1       5  367.122 -135.259    0.0223  0.00  0.00  1.00  -0.1820
           Focus1       6  373.476 -159.393    0.0190  0.00  0.00  1.00  -0.2046
           Focus1       7  347.480 -203.467    0.0259  0.00  0.00  1.00  -0.0862
           Focus1       8  335.160 -218.005    0.0278  0.00  0.00  1.00  -0.0328
           Focus1       9  316.219 -217.681    0.0361  0.00  0.00  1.00   0.0495
           Focus1      10  273.469 -222.728    0.0449  0.00  0.00  1.00   0.2265
           Focus1      11  248.896 -200.119    0.0551  0.00  0.00  1.00   0.3276
           Focus1      13  248.225 -122.392    0.0612  0.00  0.00  1.00   0.3188
           Focus1      14  282.889 -193.856    0.0485  0.00  0.00  1.00   0.1867
           Focus1      15  323.909 -187.866    0.0368  0.00  0.00  1.00   0.0133
           Focus1      16  354.414 -183.200    0.0260  0.00  0.00  1.00  -0.1178
           Focus1      17  340.064 -162.930    0.0264  0.00  0.00  1.00  -0.0658
           Focus1      18  303.204 -162.952    0.0405  0.00  0.00  1.00   0.0924
           Focus1      19  271.499 -164.263    0.0499  0.00  0.00  1.00   0.2261
           Focus1      20  258.116 -147.605    0.0556  0.00  0.00  1.00   0.2803
           Focus1      21  287.866 -132.099    0.0513  0.00  0.00  1.00   0.1561
           Focus1      22  317.087 -132.284    0.0405  0.00  0.00  1.00   0.0312
           Focus1      23  341.888 -134.138    0.0289  0.00  0.00  1.00  -0.0770
           Focus1      24  336.355 -108.325    0.0329  0.00  0.00  1.00  -0.0572
           Focus1      25  304.090 -109.293    0.0402  0.00  0.00  1.00   0.0765
           Focus1      26  283.046 -109.306    0.0519  0.00  0.00  1.00   0.1705
           Focus1      27  265.961 -120.353    0.0536  0.00  0.00  1.00   0.2414
           Focus1      28  246.788 -169.470    0.0539  0.00  0.00  1.00   0.3278
           Focus1      29  264.714 -202.982    0.0479  0.00  0.00  1.00   0.2592
           Focus1      30  299.319 -202.960    0.0413  0.00  0.00  1.00   0.1174
           Focus1      31  356.020 -152.143    0.0232  0.00  0.00  1.00  -0.1338
=====================================================================

================================================================

Run Date: 05:27:25				
