Step Name: Plane_R   Feature Name: Plane_R
-----------------------------------------------------------------------------
 ATT |   Name   |   NOMINAL |   ACTUAL | U-TOL | L-TOL |  Dev | %   |  OOT  |
-----------------------------------------------------------------------------
    X Plane_R.X    302.9660   302.9660  0.0000  0.0000   0.00                 
    Y Plane_R.Y   -154.4223  -154.4223  0.0000  0.0000   0.00                 
    Z Plane_R.Z     -0.0720     0.0066  0.0000  0.0000  -0.08                 
Point Plane_R.Points      0.0000    31.0000  0.0000  0.0000  31.00                 

---------------------------------------------------------------------------------
Finder Name      |   #   |    X   |    Y   |    Z    |  I  |  J  |  K  |   Dev  |
---------------------------------------------------------------------------------
           Focus1       1  262.170  -93.492    0.1300  0.00  0.00  1.00   0.2518
           Focus1       2  290.946  -93.520    0.1226  0.00  0.00  1.00   0.1330
           Focus1       3  313.216  -93.507    0.1177  0.00  0.00  1.00   0.0420
           Focus1       4  346.228  -93.487    0.1006  0.00  0.00  1.00  -0.1029
           Focus1       5  367.122 -135.259    0.0759  0.00  0.00  1.00  -0.1882
           Focus1       6  373.476 -159.393    0.0603  0.00  0.00  1.00  -0.2167
           Focus1       7  347.480 -203.467    0.0668  0.00  0.00  1.00  -0.0884
           Focus1       8  335.160 -218.005    0.0604  0.00  0.00  1.00  -0.0401
           Focus1       9  316.219 -217.681    0.0827  0.00  0.00  1.00   0.0553
           Focus1      10  273.469 -222.727    0.0902  0.00  0.00  1.00   0.2308
           Focus1      11  248.896 -200.119    0.0967  0.00  0.00  1.00   0.3214
           Focus1      13  248.225 -122.392    0.1263  0.00  0.00  1.00   0.3161
           Focus1      14  282.889 -193.856    0.1000  0.00  0.00  1.00   0.1902
           Focus1      15  323.909 -187.866    0.0888  0.00  0.00  1.00   0.0173
           Focus1      16  354.414 -183.201    0.0680  0.00  0.00  1.00  -0.1238
           Focus1      17  340.064 -162.930    0.0896  0.00  0.00  1.00  -0.0564
           Focus1      18  303.204 -162.952    0.1022  0.00  0.00  1.00   0.0988
           Focus1      19  271.500 -164.263    0.1103  0.00  0.00  1.00   0.2302
           Focus1      20  258.115 -147.605    0.1188  0.00  0.00  1.00   0.2825
           Focus1      21  287.866 -132.099    0.1160  0.00  0.00  1.00   0.1570
           Focus1      22  317.087 -132.284    0.1072  0.00  0.00  1.00   0.0352
           Focus1      23  341.888 -134.138    0.0913  0.00  0.00  1.00  -0.0757
           Focus1      24  336.355 -108.325    0.1038  0.00  0.00  1.00  -0.0543
           Focus1      25  304.090 -109.293    0.1125  0.00  0.00  1.00   0.0798
           Focus1      26  283.046 -109.306    0.1240  0.00  0.00  1.00   0.1727
           Focus1      27  265.961 -120.353    0.1200  0.00  0.00  1.00   0.2402
           Focus1      28  246.788 -169.470    0.1073  0.00  0.00  1.00   0.3254
           Focus1      29  264.714 -202.982    0.0956  0.00  0.00  1.00   0.2605
           Focus1      30  299.319 -202.960    0.0911  0.00  0.00  1.00   0.1221
           Focus1      31  356.020 -152.143    0.0778  0.00  0.00  1.00  -0.1352
=====================================================================

================================================================

Run Date: 05:28:25				
