Step Name: Plane_L   Feature Name: Plane_L
-----------------------------------------------------------------------------
 ATT |   Name   |   NOMINAL |   ACTUAL | U-TOL | L-TOL |  Dev | %   |  OOT  |
-----------------------------------------------------------------------------
    X Plane_L.X     90.4981    90.4982  0.0000  0.0000   0.00                 
    Y Plane_L.Y   -112.5793  -112.5792  0.0000  0.0000   0.00                 
    Z Plane_L.Z     -0.0849     0.0668  0.0000  0.0000  -0.15                 
Point Plane_L.Points      0.0000    33.0000  0.0000  0.0000  33.00                 

---------------------------------------------------------------------------------
Finder Name      |   #   |    X   |    Y   |    Z    |  I  |  J  |  K  |   Dev  |
---------------------------------------------------------------------------------
           Focus1       1  131.306  -43.106    0.1154  0.00  0.00  1.00  -0.0064
           Focus1       2   94.675  -43.126    0.1018  0.00  0.00  1.00   0.0000
           Focus1       3   63.161  -43.143    0.0862  0.00  0.00  1.00   0.0015
           Focus1       4   32.589  -45.529    0.0610  0.00  0.00  1.00  -0.0058
           Focus1       5   32.604  -71.662    0.0540  0.00  0.00  1.00  -0.0005
           Focus1       6  123.122  -69.279    0.1036  0.00  0.00  1.00  -0.0014
           Focus1       7   17.270 -134.226    0.0145  0.00  0.00  1.00  -0.0022
           Focus1       8   27.981 -153.859    0.0086  0.00  0.00  1.00  -0.0046
           Focus1       9   43.232 -179.649    0.0032  0.00  0.00  1.00  -0.0062
           Focus1      10   78.760 -179.797    0.0304  0.00  0.00  1.00   0.0017
           Focus1      11  115.247 -180.057    0.0444  0.00  0.00  1.00  -0.0040
           Focus1      12  136.788 -178.792    0.0592  0.00  0.00  1.00  -0.0016
           Focus1      13  150.531 -155.106    0.0787  0.00  0.00  1.00  -0.0007
           Focus1      14  163.707 -130.627    0.0975  0.00  0.00  1.00  -0.0007
           Focus1      15  166.661  -99.361    0.1127  0.00  0.00  1.00  -0.0019
           Focus1      16  156.568  -81.299    0.1160  0.00  0.00  1.00  -0.0016
           Focus1      17  145.997  -62.282    0.1172  0.00  0.00  1.00  -0.0036
           Focus1      18   76.896  -89.087    0.0732  0.00  0.00  1.00   0.0027
           Focus1      19   13.778  -94.888    0.0312  0.00  0.00  1.00  -0.0021
           Focus1      20   41.421 -116.177    0.0413  0.00  0.00  1.00   0.0030
           Focus1      21  103.080 -115.770    0.0746  0.00  0.00  1.00   0.0024
           Focus1      22  131.663 -107.446    0.0941  0.00  0.00  1.00   0.0024
           Focus1      23  123.596 -141.447    0.0738  0.00  0.00  1.00   0.0025
           Focus1      24   87.348 -141.467    0.0574  0.00  0.00  1.00   0.0059
           Focus1      25   61.349 -141.482    0.0390  0.00  0.00  1.00   0.0017
           Focus1      26   61.409 -159.416    0.0282  0.00  0.00  1.00  -0.0007
           Focus1      27   93.563 -163.066    0.0460  0.00  0.00  1.00   0.0014
           Focus1      28  123.923 -163.049    0.0622  0.00  0.00  1.00   0.0009
           Focus1      29   74.578 -115.167    0.0621  0.00  0.00  1.00   0.0052
           Focus1      30  113.035  -89.627    0.0927  0.00  0.00  1.00   0.0028
           Focus1      31   88.912  -67.080    0.0914  0.00  0.00  1.00   0.0040
           Focus1      32   61.064  -67.096    0.0767  0.00  0.00  1.00   0.0045
           Focus1      33   50.623  -91.952    0.0559  0.00  0.00  1.00   0.0012
=====================================================================

